 3.5000 4.0000 4.0000 4.0000 4.0000 4.0000 1.0000 1.0000 1.5000 4.0000 4.0000 4.0000 1.0000 1.0000 1.0000 1 0 1 0
 2.5000 3.1667 3.0000 3.2123 2.0000 3.0000 1.8333 2.6667 1.8333 3.0000 3.5000 2.5000 1.5000 1.6858 1.5000 1 0 0 0
 1.8333 2.0000 1.5000 3.0000 3.0000 2.0000 1.0000 1.0000 1.0000 3.0184 2.5000 3.0000 1.0000 1.0000 1.0000 1 0 0 0
 2.7714 3.0602 2.3639 3.1337 4.0000 3.0000 1.0774 1.1667 1.0000 3.0000 2.5000 3.0000 2.5000 2.5000 1.5000 1 0 0 0
 3.1667 3.3333 2.8333 3.5000 4.0000 4.0000 1.8333 2.0000 1.8333 3.7804 3.5000 3.0000 2.5000 2.0000 3.0000 1 0 0 0
 2.3333 2.8333 2.3333 3.0000 2.5000 3.0000 3.0588 2.4125 2.6667 4.0000 3.0000 3.0000 2.0000 1.5000 2.0000 1 0 0 0
 2.0000 1.5000 2.0000 2.5000 3.5000 4.0000 1.3333 1.5000 1.1667 3.0000 2.5000 3.0000 1.0000 1.0000 1.0000 1 0 0 0
 1.6667 1.8333 2.0000 2.5000 3.0000 2.0000 1.8333 1.5000 1.8333 2.5000 2.0000 2.5000 1.0000 1.5000 1.0000 1 0 0 0
 2.7556 2.7292 2.8670 2.4765 2.0000 3.0000 2.5853 2.7535 2.1667 4.0000 3.0000 3.5000 2.0000 2.0000 2.3785 1 0 0 0
 2.3333 2.6667 2.5000 3.5000 3.5000 3.0000 1.4031 1.1667 1.1667 3.0000 3.0000 3.0000 2.5000 2.0000 1.5000 1 0 0 0
 3.1667 3.3333 3.3333 4.0000 4.0000 4.0000 1.5000 1.3333 1.5000 3.5000 2.5000 3.0000 2.5000 2.5000 1.5000 1 0 0 0
 2.3070 2.5345 2.4232 3.0802 2.3024 2.7283 1.8963 1.8333 1.7223 2.6715 3.5640 3.5853 1.4925 2.6604 1.9361 1 0 1 0
 2.6697 2.7515 2.7522 2.1668 1.5000 2.7001 1.2398 1.0000 1.3738 3.0000 3.0000 3.0000 1.0000 1.0000 1.0000 1 0 0 0
 3.0015 3.0443 2.9265 2.0000 2.3875 2.0000 1.8333 1.9668 1.8333 3.0000 2.0000 2.5000 2.0000 3.0000 2.5000 1 0 0 0
 3.0000 3.0000 3.1667 3.0000 3.0000 2.5000 1.8333 1.8333 1.6667 3.9295 3.7342 3.7563 1.0721 1.0607 1.1214 1 0 1 0
 3.0131 3.0059 3.1065 2.5381 3.5000 1.0000 2.2866 2.5107 2.5000 2.5000 2.8329 3.3371 2.0050 1.4629 1.3398 1 0 0 0
 1.5000 1.5000 1.8333 2.5000 3.0000 2.0000 1.0000 1.0000 1.0000 2.0000 1.5000 1.5000 1.5000 2.0000 2.5000 1 0 0 0
 2.6667 2.5000 2.6667 4.0000 2.5000 4.0000 2.0345 1.5000 1.9770 3.0000 3.5000 3.0000 1.0000 1.0000 1.0000 1 0 0 0
 1.6667 2.0000 1.8333 2.5000 4.0000 2.5000 1.6667 1.5000 1.5000 3.5000 3.0000 2.5000 1.5000 1.0000 1.0000 1 0 0 0
 3.3138 3.4091 3.5493 2.5000 3.0294 3.1163 2.0231 1.8045 1.2167 3.0533 2.9840 2.9294 1.4976 1.5277 1.4134 1 0 1 0
 1.6667 1.6667 1.6667 2.5000 2.0000 2.0000 1.1667 1.3333 1.3333 2.0000 2.0000 2.0000 2.0000 2.0000 2.0000 1 0 0 0
 2.2119 2.1256 1.5000 2.0000 3.0000 3.5000 1.6667 2.5090 2.0000 1.8471 1.6074 1.5222 1.0000 1.0331 1.0695 1 0 0 1
 3.0564 3.0075 2.8717 2.9699 2.5000 2.6169 2.6391 2.8333 2.1453 4.0000 4.0000 4.0000 1.0000 1.0000 1.0000 1 0 0 0
 2.5000 2.6667 2.1667 2.5000 3.0000 3.0000 1.6667 2.3333 1.5000 2.0000 2.0000 2.0000 1.0000 1.0000 1.0000 1 0 0 0
 3.5000 3.6667 3.6667 3.5000 3.5000 2.0000 2.6667 3.5000 3.5000 4.0000 2.7575 4.0000 4.0000 3.2580 3.5000 1 1 0 0
 1.0000 1.0000 1.0000 4.0000 1.5000 4.0000 1.0000 1.1667 1.0000 4.0000 4.0000 3.0000 1.0000 1.0000 1.0000 1 0 1 0
 2.6667 2.8333 2.6667 3.0000 3.5000 4.0000 2.5000 3.0000 3.0898 3.5000 3.5000 3.5000 3.0000 3.0000 3.0000 1 0 0 0
 1.6667 1.8333 1.6667 1.5000 2.0000 1.5000 1.0000 1.0000 1.0000 2.0000 2.0000 2.0000 1.6618 1.0000 1.5000 1 0 0 0
 2.0000 2.1667 2.0000 3.5000 2.5000 2.0000 1.6667 2.0000 1.1667 2.5000 2.5000 3.0000 1.0000 1.0000 1.0000 1 0 1 0
 2.3172 2.3880 2.3873 2.1274 2.0000 2.0000 2.1548 2.5000 2.6667 3.0000 2.5000 2.5000 2.0000 2.0000 2.0000 1 0 0 0
 2.3333 2.5240 2.3333 4.0000 3.0000 2.5000 1.2734 1.3333 1.0000 4.0000 4.0000 4.0000 1.0000 1.0000 1.0000 1 0 0 0
 2.0000 2.3333 1.8333 2.0000 2.0000 2.0000 1.5000 2.1667 1.6667 2.5000 2.0000 2.0000 1.5000 1.5000 1.5000 1 0 0 0
 1.8333 2.3333 2.0000 4.0000 2.5000 3.0000 1.3333 2.0777 1.7436 3.5000 2.5000 2.5000 2.5000 2.5000 3.0000 1 0 0 0
 1.9933 2.4742 2.4373 3.5000 3.3226 3.0000 1.1667 1.3049 1.1667 2.5000 2.0000 3.0000 1.0000 1.0000 1.0000 1 0 0 0
 3.3333 3.3333 3.6667 2.5000 4.0000 4.0000 2.3333 3.5000 3.3333 4.0000 4.0000 4.0000 3.0000 2.6785 2.7422 1 0 0 0
 2.1798 2.4694 2.0224 3.1933 3.0000 3.0000 1.5842 1.6667 1.3333 2.5000 2.0000 2.5000 2.0000 2.0000 1.5000 1 0 0 0
 2.6667 2.6369 2.8333 3.0000 2.0000 3.4543 1.5000 2.8926 3.0000 2.0000 2.5000 2.2876 2.0000 2.0000 1.0000 1 0 1 0
 1.3333 1.8438 1.1667 3.0000 1.0000 1.0000 1.1667 1.0000 1.2362 3.1156 2.8924 3.0785 1.7520 1.4950 1.3645 1 0 0 0
 2.6608 2.6415 2.6808 3.5000 2.9168 3.5000 2.3333 2.3638 3.0000 3.5000 4.0000 4.0000 1.5000 1.0000 1.0000 1 0 0 0
 2.1667 2.1667 2.1667 2.0000 3.0000 3.5000 1.3333 1.0000 1.1667 3.1620 2.9232 3.1168 1.6027 1.5583 1.5816 1 0 0 0
 2.4063 2.5557 2.4394 2.9186 3.5000 2.5000 1.4681 1.6667 1.1667 2.5000 2.0000 2.0000 1.0000 1.0000 1.0000 1 0 0 0
 2.6667 2.5000 2.5000 2.5000 2.0000 3.5000 2.0000 2.8936 1.6667 3.0000 2.5000 3.0000 1.5000 1.5000 1.0000 1 0 0 0
 2.5636 2.0012 2.2874 2.0000 3.5000 2.5000 1.8947 1.6874 2.0000 3.1162 2.8676 3.1842 1.6470 1.6244 1.5175 1 0 0 0
 2.0591 2.2378 2.2385 4.0000 3.4707 3.5000 2.0000 1.8274 2.1667 4.0000 3.5000 4.0000 1.0000 1.0000 1.0000 1 0 0 0
 2.0000 1.8333 2.1667 3.0000 3.5000 3.0000 1.6667 1.8333 2.1667 2.5000 3.0000 3.5000 1.5000 1.0000 1.5000 1 0 0 0
 2.5177 2.7992 2.8846 2.5000 3.5000 3.4786 2.2674 2.0000 1.9290 4.0000 4.0000 4.0000 2.5000 2.2469 2.0000 1 0 1 0
 2.8333 3.0000 3.1667 3.7716 3.5000 4.0000 1.1667 1.1667 1.6667 3.5000 3.0000 3.5000 1.5000 1.0000 1.5000 1 0 0 0
 1.9554 2.0000 2.6734 2.0000 4.0000 2.5000 1.5000 1.0000 2.4239 2.0000 2.7385 2.5000 1.5000 1.0000 1.5000 1 0 0 0
 2.5464 2.5132 1.8952 2.0000 2.8519 2.5000 2.3333 2.3054 2.5000 3.5000 3.0000 2.0000 2.0000 1.5000 2.0000 1 0 0 0
 2.5732 2.9241 2.8285 3.0000 3.1148 2.5000 1.3333 1.5307 1.3333 4.0000 4.0000 4.0000 2.0000 1.5000 1.5000 1 0 0 0
 1.9563 2.1169 1.8852 2.0000 2.0000 2.3344 2.1667 2.3333 2.1044 2.0000 2.0000 1.5000 2.0000 1.5000 2.0000 1 0 0 0
 2.6667 2.1667 2.5000 2.0000 3.5000 3.5000 1.3333 1.6667 1.1667 2.5000 2.0000 2.0000 2.0000 2.0000 1.5000 1 0 0 0
 2.1667 2.1667 2.3333 3.0000 2.5000 3.5000 2.0813 1.6667 2.5000 3.0000 3.0376 3.5000 3.5000 2.3025 2.5000 1 0 0 0
 2.8333 2.8333 3.0000 4.0000 3.0000 3.5000 1.5000 2.5000 2.0000 3.5000 3.5000 4.0000 1.0000 1.0000 1.0000 1 0 0 0
 2.5000 2.5000 2.6667 3.0000 3.0000 3.0000 1.5000 2.5042 1.5000 2.0000 2.0000 2.0000 2.5000 2.5000 2.0000 1 0 0 1
 1.8333 2.1667 2.3333 2.0000 2.5577 1.5000 1.1667 1.0000 1.0000 2.0000 2.0000 2.0000 1.5000 1.5000 1.0000 1 0 1 0
 2.8333 3.1667 3.0000 3.5000 4.0000 2.5000 1.0000 1.8977 1.1667 3.0000 3.0000 3.0000 1.5000 1.5000 1.5000 1 0 0 0
 2.3333 2.5000 2.0000 2.0000 2.0000 2.0000 2.0000 1.6667 2.1667 3.0000 3.0000 3.0000 1.5000 1.5000 1.0000 1 0 0 0
 1.8381 1.8011 1.7751 3.0000 4.0000 4.0000 1.1667 1.0000 1.0000 3.5000 4.0000 4.0000 1.0000 1.0000 1.0000 1 0 0 0
 2.6702 2.6534 2.7227 2.5512 2.5000 2.5000 1.2759 1.1667 1.0000 2.5000 2.5000 3.0000 1.5000 1.5000 1.5000 1 0 0 0
 2.0000 2.1667 1.6667 3.0000 1.0000 1.5000 1.5000 2.9030 1.8333 3.0000 3.0000 3.0000 2.0000 1.5000 1.5000 1 0 0 0
 2.5000 2.5000 2.1667 2.0000 1.5000 2.0000 1.5000 1.6667 1.1667 3.2574 2.8914 3.0127 1.6327 1.5102 1.6612 1 0 0 0
 2.0000 2.8265 2.5000 3.5000 2.5000 3.5908 1.3333 2.0163 1.6667 4.0000 4.0000 4.0000 1.5000 1.0000 1.4163 1 0 1 0
 2.1667 2.1667 2.5215 2.0000 2.5000 3.0000 2.0000 2.5000 2.5000 2.5000 3.0000 2.5000 1.5000 1.7349 1.0000 1 0 1 0
 2.6667 2.3333 2.1667 4.0000 3.5000 4.0000 2.6667 3.3333 3.3333 3.5000 3.0000 3.0000 1.5000 1.0000 1.0000 1 0 0 0
 2.0501 2.3895 2.3262 2.9496 3.5000 3.5000 1.7132 2.2280 1.3333 4.0000 3.5000 3.5000 2.5000 2.7031 2.5000 1 0 0 0
 2.6388 2.5146 2.5021 2.2746 2.5000 2.0000 1.1010 1.0000 1.1667 3.0754 2.8862 3.0688 1.6709 1.6290 1.4513 1 0 1 0
 2.3333 2.6667 2.3333 2.5000 2.0000 3.0000 2.1667 2.8333 1.3333 3.5000 3.0000 3.0000 1.0000 1.0000 1.0000 1 0 1 0
 2.0000 2.3205 2.1667 2.0000 2.5000 4.0000 1.3333 1.0000 1.0000 3.0000 2.9667 2.5000 1.0000 1.0000 1.0000 1 0 1 0
 3.1374 3.0676 2.8782 3.5000 3.0235 3.5000 2.9079 2.5225 2.6667 3.5000 3.0000 3.5000 1.0000 1.0000 1.0000 1 0 1 0
 3.0000 3.1667 3.1667 3.0000 2.5000 4.0000 2.0000 2.1667 2.4782 4.0000 4.0000 4.0000 1.0000 1.0000 1.1820 1 0 1 0
 2.3333 2.3333 2.0000 3.5000 3.5000 3.5000 2.6667 2.8333 3.1667 3.5000 4.0000 3.0000 2.5000 2.7386 2.0000 1 0 0 0
 2.6540 2.8773 3.0027 2.0000 1.9464 2.6982 1.5000 1.5741 1.6544 3.0000 3.0000 2.5000 2.0000 2.0000 2.0000 1 0 1 0
 3.3333 3.1667 3.6667 3.5000 4.0000 4.0000 1.0000 1.6667 1.1667 4.0000 4.0000 4.0000 4.0000 4.0000 4.0000 1 1 0 0
 1.8747 2.2912 2.4377 2.4508 3.0000 1.0000 1.5869 1.8333 1.6667 3.7639 3.5000 2.5000 2.0000 1.5000 1.0000 1 0 1 0
 2.3333 2.6667 2.1667 2.5000 2.5000 4.0000 1.1667 2.0474 1.8333 3.0000 3.0000 3.5000 1.5000 1.5000 1.0000 1 0 0 0
 2.3333 2.6667 2.5000 3.0000 3.0000 3.0000 1.5000 1.6667 1.3333 3.0000 3.0618 3.5000 2.0000 0.8640 1.0000 1 0 0 0
 2.5000 2.3333 2.3333 2.5000 2.5000 2.1723 2.1798 2.1667 2.8735 2.5000 2.5000 2.0000 1.0000 1.5000 1.0000 1 1 0 0
 2.3333 2.6667 2.5000 2.0000 2.0000 3.0000 2.5426 3.0000 2.6667 3.5000 2.5000 3.5000 2.0000 2.0000 2.0000 1 0 0 0
 2.2356 2.6371 2.5475 2.5000 2.0000 2.0000 2.2025 1.5000 1.8333 2.7971 2.2095 2.7778 1.7307 1.5468 1.3069 1 0 0 0
 1.8333 1.8333 1.8333 2.0000 3.0000 2.0000 1.5000 1.5000 2.0000 3.0000 3.0000 3.0000 1.0000 1.0000 1.0000 1 0 0 0
 2.0000 2.0000 2.0000 3.5000 2.0000 2.0000 1.4318 1.5000 1.1667 2.5000 2.0000 2.0000 1.5000 1.0000 1.0000 1 0 0 0
 3.0000 3.5000 3.3333 3.0000 2.5000 3.0000 1.5000 2.2432 1.6667 4.0000 4.0000 4.0000 1.0000 1.0000 1.0000 1 0 0 0
 2.3333 2.1667 2.2351 2.5000 3.0587 2.5000 1.8333 1.3333 1.3333 3.7551 3.0081 3.2720 1.0251 1.5868 1.1520 1 0 0 0
 2.1667 2.0000 2.1667 2.0000 3.0000 3.0000 1.6667 1.0000 1.3333 2.0000 2.1984 2.0000 2.0000 1.4034 2.5000 1 0 0 0
 2.5657 2.7415 2.6136 2.8741 3.0000 3.4232 1.8463 2.1667 1.8314 2.0000 2.5000 2.5000 2.0000 1.5000 2.0000 1 0 0 0
 2.0000 2.0000 2.1667 4.0000 2.5000 4.0000 1.5000 1.1667 1.1667 3.0000 3.0000 3.0000 1.0000 1.0000 1.0000 1 0 0 0
 2.3333 2.0000 2.1667 2.0000 3.0000 2.5000 1.6667 1.0000 1.8333 2.0000 2.0000 2.1727 2.5000 2.0000 1.4778 1 0 0 0
 2.1667 2.1667 2.5000 2.0000 1.0000 3.2213 1.3333 1.3333 1.5000 3.0236 3.0019 3.0951 1.7484 1.6789 1.5227 1 0 0 0
 2.1667 2.1667 2.5000 2.0000 1.0000 3.2160 1.3333 1.3333 1.5000 3.1306 2.9376 3.0268 1.7259 1.6396 1.4532 1 0 0 0
 3.1667 3.0000 3.1667 3.5000 4.0000 4.0000 2.5849 1.3333 1.6667 4.0000 4.0000 3.5000 4.0000 3.0000 3.0000 1 0 0 0
 3.1667 3.0000 3.1667 3.5000 4.0000 4.0000 2.5157 1.3333 1.6667 4.0000 4.0000 3.5000 4.0000 3.0000 3.0000 1 0 0 0
 2.6667 2.5000 2.8333 4.0000 4.0000 4.0000 1.3333 1.1667 1.1667 3.5000 3.0000 4.0000 1.0000 1.0000 1.0000 1 0 0 0
 2.6667 2.5000 2.8333 4.0000 4.0000 4.0000 1.3333 1.1667 1.1667 3.5000 3.0000 4.0000 1.0000 1.0000 1.0000 1 0 0 0
 4.0000 3.9117 3.6667 4.0000 4.0000 4.0000 1.0000 1.0000 1.3751 3.0349 2.9335 3.1029 1.6790 1.6356 1.4374 1 0 0 0
 2.1667 2.5000 3.0000 2.0000 2.5000 2.0000 1.8333 1.8333 2.0000 4.0000 3.0000 3.5000 1.0000 1.0000 1.0000 1 0 0 1
 2.2386 2.3658 2.1084 2.5000 2.5000 2.6765 2.5000 2.3333 1.9874 3.0000 3.0000 3.7720 2.0000 2.5000 2.5000 1 1 0 0
 1.8333 2.0000 2.1667 2.0000 2.0000 2.5000 2.1959 2.7532 2.8333 3.0000 3.0000 3.0000 1.0000 1.0000 1.0000 1 0 1 0
 2.6380 2.3954 3.0200 2.5000 2.7380 2.5000 1.6667 1.7931 2.0000 3.5000 3.0000 2.5000 2.0000 2.2964 1.5000 1 0 0 0
 2.3333 1.9188 1.8333 2.5000 1.0000 1.0000 2.0476 1.5000 2.0848 2.5000 2.0000 2.5000 2.0000 1.5000 1.5000 1 0 0 0
 2.6714 2.4592 2.2300 4.0000 4.0000 3.3880 2.8434 1.0000 2.0600 2.5000 2.5000 2.0000 1.7675 1.0000 1.0000 1 0 1 0
 2.0000 2.6667 2.5000 3.5000 1.5000 2.0000 2.2510 1.0000 2.0000 4.0000 3.5000 4.0000 1.5000 1.0000 1.0000 1 0 1 0
 2.5000 2.8333 3.0000 4.0000 4.0000 4.0000 1.3525 1.0000 1.1667 3.1803 2.9710 3.0742 1.8022 1.4713 1.6020 1 0 0 0
 2.0473 1.7180 1.9556 1.0000 1.0000 1.0000 2.2558 1.8333 1.3333 3.3614 2.7636 2.9093 1.7850 1.6249 1.4879 1 0 0 0
 2.6667 2.5000 3.0000 3.0000 4.0000 3.5000 2.0871 1.8333 2.1667 3.0000 3.0000 3.0000 2.0000 1.5000 2.0000 1 0 0 0
 2.1109 2.1454 2.0968 1.5000 2.0000 2.0435 1.5000 1.6667 1.5372 3.5000 3.5000 3.0000 3.5000 3.0000 2.5000 1 0 0 0
 1.7723 1.9221 1.8459 3.3425 2.8524 3.5000 2.0985 1.8907 2.1667 2.1974 2.0000 2.0000 1.5000 2.0000 2.0000 1 0 0 0
 2.5088 2.6118 2.9962 4.0000 3.5299 3.5000 1.6667 1.7226 1.8333 3.0000 2.5000 2.5000 1.5000 1.5000 1.0000 1 0 0 0
 2.8333 2.8333 2.8333 2.5000 4.0000 4.0000 2.1667 2.5000 2.8013 4.0000 4.0000 4.0000 1.0000 1.5000 1.0000 1 0 0 1
 3.1667 3.5000 3.6667 4.0000 3.5000 4.0000 2.3333 2.0000 1.3333 3.1025 2.9666 3.0226 1.6518 1.4944 1.5457 1 0 0 0
 2.3333 2.5000 2.5000 2.5000 2.0000 3.0000 1.6667 2.0000 1.8333 3.0000 3.5000 3.5000 1.5000 1.5000 1.0000 1 0 0 0
 2.3954 2.8333 2.8333 4.0000 4.0000 4.0000 1.0000 1.0000 1.0000 3.0000 3.5000 3.0000 2.0000 3.5000 3.3188 1 0 0 0
 2.5705 2.6736 2.7449 2.0000 3.0000 2.8810 1.5000 1.3333 1.2457 3.0000 2.0000 2.5000 1.5000 1.5000 2.0000 1 0 0 1
 2.5000 2.5000 2.5000 4.0000 3.5000 4.0000 1.5000 1.6667 1.3333 3.0000 3.0000 3.0000 1.0000 1.0000 1.0000 1 0 0 0
 2.6055 2.5974 2.6573 3.0000 3.5000 3.1882 1.5000 1.5000 1.4647 3.0000 3.0000 3.0000 1.0000 1.0000 1.0000 1 0 0 0
 3.3333 3.0000 3.1667 3.0000 2.5000 4.0000 2.1667 2.0000 2.5000 3.1114 1.5000 1.5000 2.5000 2.0000 3.4144 1 0 0 1
 3.2736 3.5296 3.3915 2.5000 2.7946 2.9031 1.8333 1.7051 1.9754 2.8878 3.0467 3.1374 1.7159 1.4459 1.6636 1 0 1 0
 2.7588 2.8899 2.6438 3.0666 3.5000 3.0000 1.8372 2.3333 1.5000 2.0000 3.5000 3.5000 2.0000 1.0000 1.5000 1 0 0 0
 2.5000 2.1667 2.1667 2.5000 2.0000 2.0000 1.5000 1.3333 2.0000 4.0000 3.0000 3.5000 1.0000 1.0000 1.0000 1 0 0 0
 2.5000 2.8333 2.6667 3.5000 2.5000 4.0000 2.2446 1.6667 2.5000 4.0000 4.0000 4.0000 1.0000 1.0000 1.0000 1 0 0 0
 2.6667 2.5000 2.8333 2.0000 2.5000 3.0000 1.1667 2.1667 1.5000 2.0000 2.0000 2.5000 1.5000 1.0000 1.5000 1 0 0 0
 1.8906 2.2543 2.2234 3.0540 3.0000 3.1064 1.4397 1.1667 1.0118 3.0000 3.0000 3.0000 1.0000 1.0000 1.0000 1 0 1 0
 3.0000 2.8333 2.8333 3.5000 3.0000 3.0000 1.3333 1.1667 1.1667 4.0000 3.0000 3.5000 1.0000 1.0000 1.0000 1 0 1 0
 3.5985 3.4721 3.3559 3.0000 2.0000 3.5000 2.5000 2.8333 2.0000 3.5000 2.3624 2.9104 1.5000 1.0057 1.1805 1 0 0 0
 2.3132 2.4194 2.3662 3.4721 3.3839 3.5000 1.5148 1.4016 1.5000 4.0000 4.0000 3.5000 0.8845 1.0000 1.0000 1 0 0 0
 2.1667 2.3333 2.0000 3.0000 4.0000 3.5000 2.0704 1.6667 1.3333 2.0000 2.5000 2.0000 2.5000 2.0000 2.0000 1 0 0 0
 2.5000 2.6667 2.8333 2.5000 3.0000 3.5000 3.0702 2.3333 2.8333 3.5000 2.6830 3.4568 1.0000 1.1128 1.5702 1 0 1 0
 2.0000 2.5000 2.5826 2.0000 2.0000 2.5000 1.1667 1.0000 1.0000 3.2103 3.0807 3.0198 1.6547 1.5255 1.5277 1 0 0 0
 3.4450 3.5432 3.7125 3.5000 3.5000 3.0357 2.1667 2.5000 2.1287 4.0000 3.5000 4.0000 1.5000 1.5000 1.0000 1 0 0 0
 2.6667 2.6667 2.6667 4.0000 3.0000 3.5000 1.5000 1.5000 1.6667 2.3728 2.5000 2.5000 1.5000 1.0000 1.0000 1 0 0 0
 3.5000 3.5000 4.0000 4.0000 2.0000 3.0000 2.0000 2.0000 1.3333 3.0000 3.0000 3.0000 1.0000 1.0000 1.0000 1 0 0 0
 1.8333 2.3333 2.7823 3.0000 2.0000 2.5000 1.0000 1.0000 1.0000 4.0000 4.0000 4.0000 1.0000 2.0000 1.5000 1 0 1 0
 1.6667 1.6667 1.6667 2.0000 2.0000 2.5000 1.8333 1.6667 1.3333 2.7674 2.0000 2.0000 1.5000 1.5000 1.5000 1 0 0 0
 2.3326 2.5000 2.0000 3.2387 1.0000 2.5000 2.1667 1.5000 1.5000 4.0000 4.0000 3.5000 1.0000 1.0000 1.0000 1 0 0 0
 2.5000 2.3333 2.5000 3.0000 2.5000 3.0000 1.8333 2.0000 1.7045 2.5000 2.5000 3.0000 2.0000 1.5000 2.0000 1 0 0 0
 1.0000 1.0000 1.0000 1.0000 2.1215 1.0000 1.0000 1.0000 1.0000 3.2667 2.9580 2.9283 1.5507 1.7716 1.4864 1 0 1 0
 1.8333 2.1667 1.8333 1.5000 2.0000 2.5000 1.3333 1.3333 2.0000 2.3986 2.0000 2.0000 2.5000 2.0000 2.0000 1 0 0 0
 3.1667 3.0000 3.0000 3.0000 3.0000 3.5000 1.3333 1.5000 1.8333 3.5000 2.5000 3.5000 1.0000 1.0000 1.0000 1 0 0 0
 2.8333 3.1667 2.8333 4.0000 3.5000 4.0000 3.5215 2.8333 2.4132 3.5000 3.5000 4.0000 2.5000 1.5000 2.0000 1 0 0 0
 1.6667 2.3333 1.6667 3.5000 2.0000 2.5000 1.1667 1.6667 1.0000 2.5000 2.7203 1.5000 2.0000 3.0000 2.5000 1 0 0 0
 2.6986 2.9321 2.8628 4.0000 4.0000 4.0772 1.1667 1.0000 1.2615 4.0000 3.7816 4.0000 3.0126 1.5482 2.1429 1 0 1 0
 1.5000 1.6667 2.0000 2.0000 3.0000 2.5000 1.1667 1.5000 1.3333 3.0000 3.0000 3.5000 1.0000 1.0000 1.0000 1 0 0 0
 2.1386 1.9702 1.6108 2.5000 2.9236 2.5000 1.0000 1.4304 2.1667 2.0000 2.5000 2.0000 1.0000 1.0000 1.0000 1 0 0 0
 1.8333 1.3333 1.3333 3.0586 1.0000 2.0000 1.0000 1.0000 1.9776 2.0000 2.0885 2.0000 1.5000 1.5000 1.5000 1 0 0 0
 3.3333 3.1667 3.0000 4.0000 3.5000 4.0000 1.0000 1.1667 1.0000 3.5000 3.0000 4.0000 1.5000 1.0000 1.0000 1 0 0 0
 4.0000 4.0000 4.0000 4.0000 4.0000 4.0000 2.6667 3.0000 3.8397 4.0000 4.0000 4.0000 1.0000 1.0000 1.0000 1 0 0 0
 3.0000 2.6667 2.4033 2.5000 1.7882 4.0000 1.6667 2.1333 3.8290 2.5000 3.5000 2.5000 1.5000 1.7687 2.0000 1 0 1 0
 2.3333 2.1667 1.8333 4.0000 3.5000 3.5000 1.5000 1.3333 1.3333 3.0857 2.8462 2.9772 1.7288 1.5845 1.4001 1 0 0 1
 2.3333 2.0000 2.1667 2.5000 2.5000 3.0000 1.5000 1.3333 1.6667 3.0000 3.2125 2.5000 1.5000 2.0000 1.5000 1 0 0 0
 2.9206 3.0057 3.1725 2.6341 3.5000 2.5000 2.5046 3.3333 3.5000 3.5000 3.5000 2.5000 3.0000 2.7502 2.0000 1 0 0 0
 2.6667 3.0000 2.8333 4.0000 4.0000 4.0000 1.5000 1.5000 1.1667 3.5000 3.0000 3.5000 2.0000 2.0000 2.0000 1 0 0 0
 1.8333 2.2269 2.3333 2.5000 3.0000 2.0000 1.3333 1.3333 1.8333 3.3114 2.8824 2.8838 1.5767 1.5766 1.6065 1 0 1 0
 2.8333 3.0000 3.0000 4.0000 4.0000 4.0000 1.1667 1.1667 1.0000 4.0000 4.0000 4.0000 1.0000 1.0000 1.0000 1 1 0 0
 2.8333 3.1667 3.5452 4.0000 4.0000 4.0000 2.3978 1.6667 2.8333 4.0000 4.0000 4.0000 1.0000 1.0000 1.0000 1 0 0 0
 2.9691 2.6178 2.5620 2.0000 2.6495 2.5000 1.1667 1.6439 1.8333 3.0000 3.0000 2.5000 1.5000 1.0000 1.0000 1 0 0 0
 2.1667 2.0000 2.0000 2.5000 2.0000 2.0000 1.5000 1.5000 1.8333 3.0000 3.0000 3.0000 1.5000 1.0000 1.5000 1 0 0 0
 2.6667 2.8333 2.8333 3.5000 3.0000 3.0000 1.1667 1.1667 1.3333 2.9895 2.5000 3.0000 1.5000 2.0000 1.5000 1 0 0 0
 2.6667 2.6667 2.8333 3.0000 3.0000 3.0000 1.8333 2.2553 2.3333 3.5000 3.0000 3.0000 1.0000 1.0000 1.0000 1 0 0 0
 2.1985 2.4252 2.2103 2.3304 1.5000 2.3241 1.7603 1.5000 1.3229 2.3396 1.7190 1.5218 1.7493 1.5208 1.9720 1 1 0 0
 2.1431 2.1412 2.2817 2.0000 2.5500 2.0000 1.3333 1.4040 2.0000 3.0980 3.0056 2.9851 1.6567 1.6765 1.5021 1 0 0 0
 2.5286 2.4905 2.5099 2.9169 3.0225 2.7827 1.7432 1.6877 1.8103 3.0707 2.9664 3.0615 1.6909 1.4495 1.5441 1 0 0 1
 2.8333 2.5000 2.8333 2.5000 3.5000 3.0000 2.3333 2.1667 2.6667 3.5000 3.5000 4.0000 2.5000 2.0000 2.0000 1 0 0 0
 2.2328 2.3177 2.9109 2.0000 2.0000 2.2763 1.1667 1.5000 1.2473 3.0087 2.9116 3.0898 1.6228 1.4058 1.6180 1 0 0 0
 2.5000 3.0000 2.6667 3.0000 4.0000 3.5000 2.2395 1.6667 1.6667 3.0000 3.0000 3.5000 1.0000 1.0000 1.0000 1 0 0 1
 2.5000 2.6667 2.3333 2.5000 1.5000 2.5439 1.0000 1.3333 1.1667 4.0000 4.0000 4.0000 1.0000 1.5000 1.0000 1 0 1 0
 2.3333 2.5000 2.5000 2.0000 2.0000 3.5000 1.3575 1.5690 1.5000 3.0000 2.0000 2.0000 1.5000 2.0000 2.0000 1 0 0 1
 2.0000 2.3333 2.5000 2.0000 3.0000 2.5000 2.0000 2.6667 1.8333 2.5000 2.5000 2.5000 1.5000 1.5000 1.5000 1 0 0 0
 2.1667 2.1667 1.8333 2.0000 3.0000 4.0000 1.5000 2.3333 1.0000 2.5000 3.0000 3.0000 2.0000 1.0000 2.0000 1 0 0 0
 3.1667 3.5000 3.3333 4.0000 4.0000 3.5000 2.3333 1.8333 1.8333 4.0000 4.0000 4.0000 1.0000 1.0000 1.0000 1 0 0 0
 2.3333 2.6667 2.1667 2.0000 2.5000 2.0000 1.6667 1.5000 2.3333 3.5000 3.5000 3.0000 1.0000 1.0000 1.5000 1 0 0 0
 2.6667 3.1667 3.0000 3.1923 2.5000 2.0000 2.7681 1.5000 1.6667 2.0000 2.0000 2.0000 1.0000 1.0000 1.5000 1 0 0 0
 2.5621 2.6206 2.1606 4.0000 3.0023 3.0000 2.0000 1.9355 1.6667 3.0000 2.0000 2.0000 1.5000 1.0000 1.5000 1 0 0 0
 2.3333 2.5000 2.3333 1.5000 3.5000 3.0000 1.1667 1.5000 1.1667 3.0000 3.0000 2.5000 1.0000 1.0000 1.0000 1 0 0 0
 2.0000 2.3333 2.1667 3.5000 3.0000 3.0000 1.6667 2.0000 1.3333 2.5000 2.5000 3.0000 2.5000 1.0000 2.0000 1 0 0 0
 3.0000 2.8333 3.3333 4.0000 2.5000 3.5000 1.6667 1.8333 1.5000 3.5000 4.0000 4.0000 4.0000 4.0000 3.0000 1 0 0 1
 2.5000 2.3333 2.5000 3.0000 3.0000 4.0000 1.1667 1.8333 1.6667 3.5000 3.0000 3.5000 2.1480 1.5000 1.0000 1 0 0 0
 2.6667 2.1667 2.8333 2.5000 4.0000 2.5000 2.0000 1.1667 2.6767 1.5000 1.0000 1.0000 1.5000 2.0000 1.5000 1 0 0 0
 2.3333 2.3333 2.1667 2.0000 3.0000 4.0000 1.8333 2.5000 1.0000 3.0000 2.5000 3.0000 1.5000 1.0000 1.5000 1 0 0 0
 3.0000 3.1667 3.1667 2.5000 4.0000 4.0000 1.1667 1.1667 1.5000 4.0000 3.0000 4.0000 1.0000 1.0000 1.0000 1 0 0 0
 2.3333 2.8333 2.5000 4.0000 3.5000 3.5000 2.1667 2.0061 1.8333 3.0000 3.0000 3.0000 1.5000 1.0000 1.5000 1 0 0 0
 2.5000 2.3333 2.1667 2.0000 2.5000 2.0000 1.3333 1.5000 1.0000 4.0000 2.5000 3.5000 2.1140 1.0000 1.0000 1 1 0 0
 2.5269 2.5000 2.3333 4.0000 3.5000 3.5000 3.0914 2.6667 2.4081 3.0000 2.5000 3.0000 1.5000 2.0000 1.5000 1 0 0 0
 1.8582 2.0072 1.7902 2.0000 2.6680 3.0000 1.3333 1.7007 2.1667 3.2091 2.8711 3.0608 1.6857 1.3382 1.7044 1 1 0 0
 1.8404 1.9258 1.7669 2.0000 2.5067 3.0000 1.3333 1.5262 2.1667 3.1867 2.9229 2.9803 1.6796 1.4581 1.5966 1 1 0 0
 2.1667 2.6667 2.3333 3.0000 4.0000 3.5000 1.5000 1.3333 1.5000 3.5000 3.5000 3.5000 1.0000 1.0000 1.0000 1 0 0 0
 3.0000 3.1667 3.3333 3.0000 2.0000 3.5000 2.6667 3.4131 3.8333 3.5000 3.0000 2.5000 1.5000 1.5000 1.0000 1 0 0 0
 2.1583 2.5412 2.2579 4.0000 3.0596 3.0000 2.1667 1.9252 1.5000 3.0000 3.1341 2.0000 1.0000 1.0000 1.0000 1 0 0 0
 2.4142 2.6828 2.7558 3.0094 3.5000 3.0000 1.5752 1.6667 1.6667 4.0000 3.0000 4.0000 3.0000 3.0000 2.0000 1 0 1 0
 1.8333 2.3333 2.1667 2.5000 4.0000 2.5000 1.5000 1.6667 1.8333 3.0000 2.5000 3.0000 1.0000 1.0000 1.0000 1 0 0 0
 1.8399 2.2545 1.7720 2.8905 1.5000 3.0000 1.6316 1.3333 1.6667 2.5000 2.5000 3.0000 1.0000 1.5000 1.0000 1 0 0 0
 2.3908 2.6120 2.5207 2.6351 2.9278 3.1327 1.6991 1.8281 1.7400 3.1424 2.9234 3.0123 1.6534 1.5235 1.5099 1 0 0 0
 2.6667 2.5000 2.6667 2.0000 2.5000 2.5000 1.1667 2.0000 1.0000 4.0000 4.0000 4.0000 1.0000 1.0000 1.0000 1 0 0 0
 3.6667 3.1667 3.0000 1.0000 1.0000 3.0000 1.5000 1.9109 2.3333 2.0000 2.5000 2.5000 1.0000 1.5000 1.0000 1 0 1 0
 3.6667 3.1667 3.0000 1.0000 1.0000 3.0000 1.5000 1.9080 2.3333 2.0000 2.5000 2.5000 1.0000 1.5000 1.0000 1 0 1 0
 2.3952 2.4139 2.3318 3.0000 4.0000 2.5000 1.6667 2.1667 1.8333 3.0000 3.0000 3.0000 1.0000 1.0000 1.0000 1 0 0 0
 2.6398 2.6384 2.7444 3.1695 3.0000 3.2608 1.1630 1.3364 1.4697 2.0000 1.5000 1.5000 3.0000 3.5000 2.5000 2 0 0 0
 2.8333 2.8883 2.6484 3.1532 2.5000 4.0000 2.4933 2.0000 2.5000 3.5000 4.0000 4.0000 1.5000 1.0000 1.0000 2 0 1 0
 2.1623 2.0000 2.0000 3.5000 3.5000 3.0000 1.5000 1.3333 1.1667 3.5000 2.5000 3.5000 1.0000 1.0000 1.0000 2 0 0 0
 2.8333 3.1667 2.8333 2.5000 3.0000 4.0000 1.5412 1.0000 1.0000 3.5000 3.5000 3.5000 1.0000 1.0000 1.9292 2 0 0 0
 1.6667 2.5000 2.3333 3.5000 4.0000 3.5000 1.1667 1.3333 1.1667 3.0000 3.0000 2.5000 1.5000 2.0000 1.5000 2 1 0 0
 3.0000 3.1667 3.1667 4.0000 4.0000 4.0000 1.1667 1.0000 1.1667 4.0000 4.0000 4.0000 1.0000 1.0000 1.0000 2 0 1 0
 2.8333 2.8333 2.8333 3.0000 3.0000 3.5000 2.0767 2.1667 2.2455 3.0000 3.0410 3.6932 1.0000 1.0823 1.0126 2 0 0 0
 1.8333 2.1667 2.6667 4.0000 2.5000 3.0000 1.1667 1.0000 1.0000 4.0000 4.0000 4.0000 1.0000 1.0000 1.0000 2 0 0 1
 2.8333 2.8333 2.8333 4.0000 2.5000 3.5000 1.8333 1.5000 1.8333 3.3956 4.0000 3.5000 1.0000 1.0000 1.0000 2 0 1 0
 2.0000 2.0000 2.1667 4.0000 3.5000 4.0000 1.6667 1.6667 1.6667 3.5000 3.5000 4.0000 2.0000 1.5000 1.0000 2 0 0 0
 3.1331 3.1166 3.3874 4.0000 4.0252 3.3170 1.1667 1.1798 1.3521 4.0000 4.0000 4.0000 1.0000 1.0000 1.0000 2 0 0 0
 2.3333 3.0000 2.6667 3.5000 3.0000 4.0000 1.3333 1.3333 2.1667 3.0000 3.0000 2.5000 2.0000 1.5000 1.5000 2 0 0 0
 2.8333 3.0000 3.1667 3.0000 4.0000 2.5000 1.0000 1.0000 1.0000 3.5000 4.0000 4.0000 1.5000 1.0000 1.0000 2 0 0 0
 2.4644 2.8131 3.0008 4.0000 3.1149 3.0000 1.0000 1.1861 1.0000 3.0000 3.0000 3.0000 1.0000 1.0000 1.0000 2 0 0 0
 2.1628 2.4015 1.8333 4.0000 3.0000 3.0000 1.5000 1.6667 2.0000 4.0000 4.0000 4.0000 2.0501 1.0000 1.0000 2 0 0 0
 2.1667 2.5000 2.3333 4.0000 4.0000 4.0000 1.5000 1.8333 1.3333 2.0000 1.5000 1.5000 2.0000 1.0000 1.5000 2 0 0 0
 2.1667 2.3333 2.6667 3.0000 2.0000 2.5000 1.3333 1.1667 1.1667 3.0000 2.5000 2.5000 2.0000 2.0000 2.0000 2 0 0 0
 2.6667 2.6667 2.6667 3.5000 4.0000 3.5000 1.3333 1.9047 1.8333 4.0000 4.0000 3.5000 4.0000 2.0000 3.7649 2 0 0 0
 2.1667 2.5000 2.1667 3.0000 2.0000 2.0000 2.0000 1.8333 2.1667 3.0000 2.5000 3.5000 1.0000 1.0000 1.0000 2 0 0 0
 2.5000 2.6667 2.8333 3.0000 4.0000 4.0000 1.1667 1.1667 1.0000 3.5000 3.0000 3.5000 1.0000 1.0000 1.0000 2 0 0 0
 2.4855 2.3333 2.1667 4.0000 4.0000 4.0000 1.1667 1.7701 2.1667 4.0000 3.2023 3.7130 1.5000 1.7529 1.8621 2 0 0 0
 2.3333 3.0000 2.6667 4.0000 4.0000 4.0000 1.5000 2.1667 2.3333 4.0000 3.5000 3.0000 2.5000 2.5000 2.0000 2 0 0 1
 2.8975 3.1667 2.3333 2.5000 2.0000 2.0000 1.1667 1.3333 1.1667 4.0000 4.0000 4.0000 1.0000 1.0000 1.0000 2 0 0 1
 2.6958 2.9987 2.8041 3.3518 3.4375 3.4752 1.7175 1.2131 1.5393 1.7916 3.0790 2.8193 1.6439 1.6667 1.7226 2 0 1 0
 2.4540 2.5069 2.5732 3.1126 3.0257 3.3023 1.4885 1.6317 1.4928 3.0233 3.0648 3.2202 1.7706 1.5433 1.5631 2 0 1 0
 2.0762 2.5662 2.5424 2.0000 2.0000 2.5000 2.1676 1.5000 1.6667 2.5000 2.0000 2.0000 1.0000 1.0000 1.0000 2 0 1 0
 2.1667 2.1667 2.1667 3.6195 3.0000 3.5000 1.3333 1.3333 1.1667 3.5000 3.5000 3.5000 2.6727 1.5000 1.0000 2 0 0 0
 2.8333 2.2679 2.6667 4.0000 4.0000 4.0000 1.5000 1.8333 1.1667 4.0000 3.5000 4.0000 1.0000 0.9607 1.0000 2 0 0 0
 1.5000 1.8333 1.6667 2.0000 2.0000 2.0000 1.0625 1.0000 1.0000 2.5000 3.0000 2.5000 2.0000 1.5000 1.0000 2 0 0 0
 2.5000 2.3505 2.0000 1.5000 2.4436 2.8278 1.1667 1.4686 1.3617 2.5000 2.5000 2.5000 1.0000 1.0000 1.0000 2 0 0 1
 2.6667 3.0000 3.1667 3.5000 2.0000 4.0000 1.1667 1.0000 1.0000 3.0000 2.0000 3.0000 1.0000 1.0000 1.5000 2 0 0 0
 2.6667 2.5000 2.8333 3.0000 4.0000 4.0000 1.0000 1.0000 1.0000 3.5000 2.0000 3.0000 1.5000 1.0000 1.0000 2 0 0 1
 3.1667 3.1667 3.1667 3.0000 4.0000 4.0000 1.3333 1.8333 1.7096 4.0000 4.0000 4.0000 2.0000 1.0000 1.5000 2 0 0 0
 1.5000 1.1667 1.5000 4.0000 4.0000 4.0000 1.5000 1.1667 1.0000 4.0000 4.0000 4.0000 3.0000 2.5000 2.5000 2 0 0 0
 3.5000 3.6667 3.8333 3.5000 4.0000 4.0000 1.0000 1.0000 1.0000 3.0833 2.9381 3.2188 1.7144 1.5597 1.6370 2 0 0 0
 1.5940 1.8300 1.5401 2.0923 2.1991 2.0000 1.6667 1.8188 1.5000 3.2995 2.8148 2.9573 1.5711 1.6235 1.7186 2 0 0 0
 1.7160 2.1667 2.2568 3.0000 2.5000 3.5000 1.1946 1.0000 1.0000 1.5000 1.0000 1.0000 1.5000 1.0000 1.7994 2 1 0 0
 1.8333 1.5000 2.1667 3.0000 2.0000 2.0000 2.0000 1.3333 1.6667 2.5000 2.0000 2.0000 2.5000 2.5000 1.5000 2 0 0 1
 2.5000 2.5000 2.5000 1.5000 2.0000 2.5000 1.0000 2.1667 1.5000 3.5000 3.5000 3.0000 1.7580 1.0000 1.0000 2 0 0 0
 1.5000 2.1667 1.5000 3.0000 2.5000 3.0000 1.0000 1.0000 1.0000 3.0000 3.0000 3.0000 1.0000 1.0000 1.0000 2 1 0 0
 1.8333 1.6667 1.8333 3.5000 2.5000 2.0000 1.5000 2.1667 1.3333 3.5000 2.7774 2.5000 1.5000 1.0000 1.5000 2 0 0 0
 2.1667 2.0000 2.3796 4.0000 4.0000 4.0000 1.6667 1.5000 1.5000 4.0000 4.0000 4.0000 2.5000 1.5000 2.5000 2 0 0 0
 2.1667 2.5000 2.6667 3.5000 4.0000 4.0000 2.0000 2.0000 2.1667 3.5000 3.5000 3.5000 1.0000 1.0000 1.0000 2 0 0 0
 2.3333 2.5000 2.9019 4.0000 4.0000 4.0000 1.8333 1.1667 1.3333 3.2066 3.3003 2.5000 1.0000 1.0000 1.0000 2 1 0 0
 2.3333 2.1978 1.8934 4.0000 4.0000 4.0000 1.1667 1.0000 1.1667 4.0000 3.0000 4.0000 1.0000 1.0000 1.0000 2 0 0 0
 2.0000 2.0000 1.8333 3.5000 3.5000 4.0000 1.8333 1.8333 1.8333 2.0000 3.0000 3.0000 1.5000 1.5000 1.5000 2 0 0 0
 2.1667 2.1667 2.3333 2.5000 1.0000 2.5000 1.8333 2.2492 1.5000 4.0000 4.0000 3.5000 2.6614 1.0000 1.5000 2 0 0 0
 1.9575 2.4299 2.6724 3.3597 4.0000 4.0000 1.2668 1.3333 1.3333 3.1581 2.9265 3.1961 1.6292 1.8148 1.4134 2 0 0 0
 2.3333 2.1667 2.3333 2.5000 4.0000 3.0000 1.1667 1.0000 1.0000 3.5000 4.0000 3.0000 1.5000 1.0000 1.0000 2 1 0 0
 1.1667 1.5000 1.1667 3.5000 4.0000 3.5000 1.3333 1.3333 1.0000 3.2551 2.9954 3.1063 1.8340 1.5023 1.4789 2 0 0 0
 2.5080 2.8333 2.6667 3.0000 3.0000 2.0000 2.3333 2.6667 1.3333 4.0000 4.0000 4.0000 3.5000 2.5000 3.7640 2 0 0 0
 2.0000 2.1018 2.1667 2.0000 2.0000 1.5000 1.1667 1.9623 1.5000 2.7419 2.0000 2.0000 1.0000 1.0000 1.0000 2 0 1 0
 2.1667 2.5000 2.1667 3.5000 4.0000 3.5000 1.8333 2.0000 2.0000 2.0000 2.0000 2.0000 2.0000 1.0000 1.5000 2 0 0 0
 3.0000 3.1667 3.0000 4.0000 4.0000 4.0000 1.3333 2.1607 1.6667 4.0000 4.0000 4.0000 1.5000 1.0000 1.5000 2 0 0 0
 2.8333 2.1667 2.6667 2.5000 2.5000 3.5000 1.0000 1.0000 1.3333 2.4114 2.5000 2.5000 1.5000 1.0000 1.0000 2 0 1 0
 2.7950 3.1692 2.8063 3.0000 2.7141 3.0000 1.3333 1.4006 1.3333 2.5000 3.0000 3.0000 1.5000 1.5000 1.5000 2 0 1 0
 3.8976 3.8333 4.0000 4.0000 4.0000 4.0000 1.1667 1.1667 1.1667 4.0000 4.0000 3.5000 2.5000 2.5000 2.5000 2 0 1 0
 3.0000 3.5000 3.3333 3.0000 3.5000 1.5000 1.6667 2.9958 1.8333 2.5000 2.0000 1.5000 2.5000 1.5000 2.3248 2 0 0 0
 3.0000 3.0000 3.1667 3.5000 3.5000 4.0000 1.8333 1.0000 1.3333 4.0000 3.5000 3.7889 1.5000 1.0000 1.1926 2 0 0 0
 3.2791 3.3975 3.4795 3.9130 4.0000 3.5000 1.1667 2.3333 1.6667 2.9388 3.3297 3.1880 1.8868 1.6191 1.5057 2 0 0 1
 3.1914 3.3943 3.7679 2.0000 2.0000 2.8044 1.3333 2.5000 1.8687 3.1786 3.0180 3.0449 1.7316 1.5177 1.5240 2 0 1 0
 1.6667 1.8333 1.8333 2.0000 3.0000 2.0000 1.5000 1.6667 1.1667 3.5000 3.0000 3.0000 1.5000 1.5000 1.5000 2 0 0 0
 2.3333 2.5000 2.3333 2.5000 2.0000 2.5000 1.8333 1.8333 1.8333 4.0000 3.5000 4.0000 2.5000 1.0000 2.0000 2 0 0 0
 3.1667 3.5000 3.1667 4.0000 3.5000 4.0000 1.5000 1.5000 1.1667 4.0000 4.0000 4.0000 1.5000 1.0000 1.0000 2 0 0 0
 3.1722 2.8524 3.2805 3.0000 3.0000 3.1661 2.0000 3.0000 1.9409 2.9560 3.2918 3.0800 1.6227 1.3418 1.6469 2 0 1 0
 3.5000 3.5000 3.6667 4.0000 4.0000 4.0000 1.5000 2.3952 2.3743 3.8698 4.0000 3.0000 1.0000 1.0000 1.0000 2 0 0 0
 2.3333 2.5000 2.6667 3.5000 4.0000 4.0000 1.6667 1.3333 1.5000 3.0000 3.0000 3.0000 2.0000 1.5000 1.5000 2 0 0 0
 2.0000 2.2318 2.5000 2.0000 3.0000 2.1687 1.3333 1.6667 2.1667 2.5000 2.0000 2.8780 2.0000 1.0000 1.3031 2 0 1 0
 2.1667 2.6667 2.5000 3.0000 3.5000 4.0000 1.8333 1.5000 1.1667 4.0000 4.0000 4.0000 3.0000 2.3016 3.5000 2 0 0 1
 2.3333 2.0000 2.5000 2.0000 2.0000 2.5000 2.0000 2.8333 1.5000 3.0000 3.5000 2.5000 1.0000 1.0000 1.5000 2 0 1 0
 2.5000 2.6667 2.3333 3.0000 3.0000 3.0000 1.0000 1.0000 1.0000 3.0000 3.0000 3.0000 1.5000 1.0000 1.0000 2 0 1 0
 2.4876 3.0425 2.5539 2.5000 2.2237 2.8772 2.6935 2.8757 2.4385 2.5000 2.0000 2.0000 2.0000 1.8441 1.5000 2 0 0 1
 2.5000 2.6667 2.8333 4.0000 2.0000 4.0000 1.5000 1.8333 1.5000 4.0000 3.5000 3.5000 1.5000 1.5000 1.0000 2 0 0 0
 2.0000 1.6667 2.0000 2.5000 1.5000 2.0000 1.3333 1.3333 1.0000 3.0000 2.5000 1.5000 2.5000 2.0000 2.9937 2 0 0 1
 2.8631 3.1502 3.1759 3.9503 4.0000 3.5602 0.9717 1.1667 1.2864 3.1236 3.0720 3.0636 1.8946 1.3699 1.7043 2 0 0 1
 2.0000 2.5000 2.1667 2.0000 3.5000 2.5000 1.6800 1.0000 1.0000 2.5000 3.0000 2.5000 2.5000 2.0000 2.0000 2 0 1 0
 2.0000 2.1667 2.0000 2.5000 1.5000 3.0000 1.0000 1.6667 1.0000 3.0000 3.0000 3.0000 1.5000 2.0000 2.2571 2 0 0 0
 3.3333 2.8333 2.6667 4.0000 3.5000 4.0000 1.3989 1.6667 1.0000 4.0000 4.0000 4.0000 1.0000 1.0000 1.0000 2 0 0 1
 1.9175 2.6838 2.0499 3.5505 4.0000 2.5000 1.7092 2.1667 2.3333 1.5000 2.5000 3.2630 1.8220 1.7868 2.0000 2 0 0 0
 2.5000 2.6667 2.8333 3.0000 2.0000 2.5000 2.0000 1.1667 2.1566 1.5000 2.0000 2.5000 2.0000 2.0000 2.0000 2 0 0 0
 1.5000 2.1667 2.5000 3.5000 4.0000 3.0000 1.6667 1.6667 1.9259 3.0000 3.5000 3.0000 2.0000 2.0000 2.0000 2 0 0 0
 3.0000 3.0000 3.3333 2.5000 3.5000 2.5000 1.1667 1.0000 1.3333 3.0000 3.5000 2.0000 2.0000 1.7707 1.5000 2 0 0 1
 1.8333 1.5000 2.1667 4.0000 4.0000 2.5000 1.8333 1.6667 1.5000 3.0000 2.5000 3.3146 3.0000 3.5000 3.5000 2 0 0 1
 1.6667 2.3333 2.5729 1.5000 4.0000 4.0000 1.5000 1.3333 1.1667 3.0000 2.9774 2.9027 1.0000 1.6090 1.1387 2 0 0 0
 1.3333 1.0000 1.0000 2.5000 2.5000 2.0000 1.1667 1.1667 1.3333 2.5000 2.9162 2.8834 1.0000 1.0446 1.0000 2 0 0 1
 2.1667 2.6667 2.5000 2.5000 3.5000 2.5000 1.0000 1.3333 1.9277 4.0000 2.0000 4.0000 2.0000 1.0000 1.0000 2 0 0 0
 2.3333 2.1667 2.1667 4.0000 4.0000 3.0000 1.1667 1.0000 1.0000 4.0000 4.0000 4.0000 2.5000 1.0000 2.0252 2 0 0 0
 2.8333 3.0000 3.5000 4.0000 4.0000 4.0000 1.3333 1.5000 1.1667 4.0000 3.5000 4.0000 1.0000 1.0000 1.0000 2 0 0 0
 2.5681 2.5000 3.0000 3.5000 3.0000 2.5000 2.0000 2.5448 1.6667 3.6102 2.0000 3.0000 2.0000 2.0000 2.0000 2 0 1 0
 2.0523 2.0000 2.3333 3.0000 2.5000 2.5000 1.5000 1.5000 1.5000 2.0000 3.0000 3.0000 3.0000 2.5000 3.0000 2 0 1 0
 1.9170 1.8147 2.0242 2.0000 3.0000 2.5139 2.6667 2.5000 2.3409 2.5000 2.5000 1.5000 4.0000 2.5000 2.0000 2 0 1 0
 2.6667 2.6667 2.6667 3.0000 3.0000 3.0000 2.3333 3.0000 2.9263 3.0000 3.0000 3.0000 3.0000 3.0000 3.0000 2 0 0 0
 3.0000 3.2413 2.5000 3.5000 4.0000 4.0000 1.0000 1.0000 1.0000 3.0000 4.0000 4.0000 1.7835 1.0000 1.0000 2 0 0 1
 2.0000 2.3333 2.5335 4.0000 4.0000 4.0000 1.6667 1.0000 1.0000 3.5000 3.5000 3.5000 1.0000 1.0000 1.0000 2 1 0 0
 1.8333 1.8493 1.8333 3.0000 2.5000 2.5000 1.0000 1.1667 1.0000 4.0000 4.0000 4.0000 4.0000 3.2676 3.0000 2 0 0 0
 2.5000 2.8333 2.8333 4.0000 4.0000 3.0000 1.3333 1.1667 1.0000 3.0000 2.5000 2.5000 2.0000 1.5000 1.5000 2 0 0 0
 2.5000 3.3097 3.3333 4.0000 4.0000 2.5000 1.5000 1.5000 1.0000 4.0000 4.0000 3.5000 3.0000 3.6899 2.5000 2 0 1 0
 2.5000 2.8333 2.8333 4.0000 4.0000 4.0000 1.8333 1.1667 2.4232 4.0000 3.0000 2.5000 2.0000 1.0000 1.5000 2 0 0 0
 1.3333 1.7517 1.5000 3.0000 2.5000 1.5000 1.0000 1.3333 1.1667 3.5000 3.0000 2.5000 2.5000 2.5000 2.0000 2 0 0 1
 2.5000 2.8333 2.6667 4.0000 3.5000 3.0000 1.3333 1.1667 1.1667 3.1771 3.1835 3.0631 1.8120 1.4555 1.6345 2 0 0 0
 2.3357 1.9835 1.5610 2.8976 3.0000 3.0000 1.4058 1.3333 1.5000 2.5000 3.0000 3.5000 2.0000 2.2407 2.0000 2 0 0 1
 2.1667 2.1667 2.3946 2.5000 1.5000 2.0000 1.0000 1.0000 1.1667 2.0000 2.0000 2.0000 2.0000 2.5000 2.0000 2 0 0 0
 2.8333 2.6667 2.8333 3.0000 3.0000 4.0000 1.5000 1.6667 1.6667 3.0000 3.0000 3.0000 1.5000 1.0000 1.0000 2 0 0 0
 1.6667 2.0000 2.0000 1.0000 2.0000 2.0000 1.5000 1.3333 1.3333 3.5000 3.0000 3.0000 1.0000 1.5000 1.0000 2 0 0 0
 2.0000 2.8161 2.5000 3.0000 4.0000 3.5000 1.5000 1.3333 1.3333 3.1898 3.0106 3.1638 1.7729 1.5798 1.5643 2 0 0 0
 2.4380 2.4018 2.5214 3.0000 4.0000 3.2756 1.8333 1.8333 1.9520 3.5000 3.0000 3.0000 3.0000 2.5000 3.0000 2 0 0 0
 1.8333 1.8333 2.3333 3.0000 3.0000 3.0000 1.1667 1.0000 1.1667 3.0000 3.0000 3.0000 3.0000 3.0000 2.5000 2 0 0 0
 2.5000 2.8333 3.0000 4.0000 3.5000 4.0000 2.0000 1.3333 1.6667 4.0000 4.0000 4.0000 3.5000 4.0000 4.0000 2 0 0 0
 2.8736 3.6320 3.4693 4.0000 3.5075 4.0000 1.0000 1.3065 1.1667 3.5000 4.0000 4.0000 2.0000 1.0000 1.0000 2 0 0 0
 1.3774 1.0000 1.1667 3.5000 4.0000 3.0000 1.1667 1.0000 0.9548 4.0000 4.0000 4.0000 1.9036 1.0000 1.5000 2 0 0 0
 1.8333 2.3333 2.6667 4.0000 3.0000 3.0000 1.3333 1.1667 1.1667 2.0000 2.0000 2.0000 2.0000 1.0000 1.0000 2 0 0 0
 2.1667 3.1667 3.1667 3.5000 3.5000 4.0000 1.3333 1.0000 1.0000 3.0000 3.0000 3.0000 1.0000 1.0000 1.0000 2 0 0 0
 3.0296 3.2186 2.8333 1.5000 3.3215 2.0000 1.3333 1.0000 1.0000 4.0000 4.0000 4.0000 1.0000 1.0000 1.0000 2 0 0 0
 1.8071 2.6075 2.6526 2.5000 2.0000 2.7705 1.6667 1.6667 1.4807 2.5000 2.0000 2.5000 1.0000 1.0000 1.6875 2 0 1 0
 2.8333 3.3333 2.8333 3.5000 4.0000 4.0000 2.0000 2.3333 3.0763 4.0000 3.5000 4.0000 3.0000 2.0000 2.0000 2 0 0 0
 3.0000 3.0000 2.8333 3.5000 3.0000 3.0000 1.8333 1.6667 1.8333 2.0000 2.0000 2.7107 2.0000 2.0000 1.5000 2 0 0 1
 2.6667 2.6667 2.3333 2.5000 3.0000 1.0000 1.1667 1.8333 1.3333 4.0000 4.0000 4.0000 1.0000 1.0000 1.0000 2 0 0 0
 2.5000 3.0000 2.8333 2.5000 4.0000 4.0000 1.8333 1.6667 1.5000 3.5000 3.5000 3.5000 1.5000 1.0000 1.0000 2 0 0 0
 2.5000 2.3333 2.5000 3.0000 2.5000 2.5000 1.3333 1.5000 2.0000 3.5000 2.5000 4.0000 1.0000 1.0000 1.0000 2 0 0 0
 1.5000 1.5000 2.1667 4.0000 4.0000 4.0000 1.3333 1.1667 1.1667 3.0000 3.5000 3.5000 1.0000 1.0000 1.0000 2 0 0 1
 2.5000 2.6667 3.0000 3.0000 3.0000 3.0000 1.3333 1.1667 1.3333 3.0000 3.0000 3.0000 1.0000 1.0000 1.0000 2 0 0 0
 2.5056 2.8001 2.7037 3.4148 4.0000 3.0000 1.3416 1.0000 1.1667 3.5000 3.5000 3.5000 1.0000 1.0596 1.0000 2 0 0 0
 2.5000 2.8333 2.1667 3.0000 1.0000 2.0000 1.3333 1.5000 1.5000 4.0000 4.0000 3.9647 1.0000 1.5000 1.1652 2 0 0 0
 3.0000 3.5000 3.1667 3.0000 3.5000 4.0000 1.5000 1.5000 1.0000 4.0000 3.0000 4.0000 3.0000 1.5000 2.7788 2 0 0 0
 2.8180 2.4170 2.4946 2.3326 2.5000 1.5000 1.5614 2.1667 1.5000 2.5000 1.5000 2.1995 1.5000 2.5000 2.6996 2 0 1 0
 2.5000 2.5000 2.1667 3.5000 3.0000 3.5000 0.9888 1.0000 1.0000 4.0000 3.5000 4.0000 1.5000 1.0000 1.5000 2 0 0 0
 3.0000 3.1667 3.8796 3.5000 4.0000 4.0000 1.5000 1.9318 1.5000 4.0000 4.0000 4.0000 1.9416 1.0000 1.0000 2 0 0 0
 2.5000 2.7370 2.5000 4.0000 3.5000 4.0000 1.6667 1.8333 1.6667 3.0000 3.0000 2.9908 2.0000 2.0000 2.0375 2 0 0 0
 1.8333 2.6667 2.6667 2.5000 2.0000 2.5000 2.1667 3.0913 1.8333 3.1470 2.9164 3.2849 1.7749 1.3227 1.6167 2 0 0 1
 1.6667 2.1667 1.8333 2.0000 2.5000 2.0000 1.0000 1.0000 1.0000 2.7557 2.0000 2.5000 1.0000 1.0000 1.0000 2 0 1 0
 3.5000 3.6667 3.5000 4.0000 4.0000 4.0000 2.0000 2.6641 2.0000 2.5000 2.5000 2.5000 1.5000 1.0000 1.0000 2 0 0 1
 2.3333 2.5000 2.6667 3.5000 3.0000 3.0000 1.1667 1.1667 1.6667 3.5000 3.0000 4.0000 1.5000 1.0000 2.0000 2 0 0 0
 2.8333 3.0000 3.1667 3.5000 4.0000 4.0000 2.0748 2.3333 2.2453 3.0000 2.5000 3.5000 2.0000 2.0000 2.3200 2 0 0 0
 2.8441 3.0808 2.7418 4.0000 4.0000 3.7828 1.6775 1.5000 1.6026 3.5000 3.0000 3.0000 1.5000 1.0000 1.6712 2 0 0 0
 3.0422 2.5292 2.9226 2.0000 2.0000 2.5000 1.3333 2.0000 2.3333 2.5000 2.4866 2.9082 1.0000 1.2614 1.4226 2 0 0 1
 2.0000 1.8333 2.1667 2.0000 2.0000 2.5000 1.1667 1.5000 1.0000 2.7592 2.5000 2.5000 1.0000 1.0000 1.0000 2 0 0 1
 2.3333 2.0000 2.1667 4.0000 2.0000 2.5000 1.3333 1.6667 1.1667 2.7441 2.0696 2.2970 1.5000 1.1495 1.1029 2 0 0 1
 2.3333 2.1667 2.5000 3.0000 4.0000 4.0000 1.2692 1.6667 1.0000 3.0000 3.0000 3.2237 1.0000 1.0000 1.0000 2 0 0 0
 2.8263 2.9544 3.0920 4.0000 3.5101 4.0000 1.3333 1.5453 1.3333 4.0000 4.0000 4.0000 1.0000 1.0000 1.0000 2 0 0 0
 2.6667 3.1667 2.8333 4.0000 3.5000 4.0000 1.5000 1.1667 1.3333 4.0000 4.0000 4.0000 1.0000 1.0000 1.0000 2 0 0 0
 2.6667 2.3333 2.5000 3.0000 2.0000 3.0000 3.3068 3.5000 2.3333 1.0000 1.0000 1.0000 4.0000 3.7925 3.5000 2 1 0 0
 2.6667 2.1667 3.0000 3.5000 4.0000 4.0000 1.3333 1.3333 1.2740 3.5000 3.0000 3.5000 2.5000 2.0000 3.0000 2 0 1 0
 2.1455 1.7550 2.3343 4.0000 1.0000 2.5199 1.5000 1.5000 1.5177 4.0000 4.0000 4.0000 1.0000 1.0000 1.0000 2 0 0 0
 2.1667 2.6667 2.3333 2.5000 2.0000 3.0000 1.0000 1.0000 1.0000 2.5000 2.5000 3.0000 1.0000 1.0000 1.0000 2 0 1 0
 2.0000 2.1667 3.0000 3.0000 4.0000 4.0000 1.3333 1.0000 1.3333 3.0000 2.5000 3.5000 2.2680 2.0000 2.1446 2 1 0 0
 2.5000 2.3333 2.3333 3.0000 3.0000 3.0000 1.5000 1.0000 1.5000 3.0000 2.5000 2.5000 2.0000 2.0000 1.5000 2 0 0 0
 2.8333 2.5000 2.6667 4.0000 3.5000 3.0000 1.6667 1.8333 1.8333 3.0512 3.0903 3.1591 1.7473 1.5771 1.6446 2 0 0 0
 2.1667 2.0000 2.3333 2.0000 2.0000 3.0000 1.1667 1.3333 1.8333 3.0000 3.5000 3.5000 1.0000 1.0000 0.9186 2 0 1 0
 2.8333 2.8333 3.1667 4.0000 4.0000 4.0000 1.5000 1.3333 1.3333 3.0000 3.0000 3.0000 1.5000 1.5000 1.5000 2 0 0 0
 3.1667 3.0000 3.1667 4.0000 1.0000 3.0000 1.6667 2.1825 1.8333 2.5000 2.0000 2.0000 2.0000 1.5000 2.0000 2 0 1 0
 2.8333 2.8333 2.3333 3.0000 3.5000 3.0000 1.1667 1.3333 1.6667 3.0000 3.5000 3.0000 1.0000 1.0000 1.0000 2 0 0 0
 3.3333 3.0000 3.4057 3.5000 4.0000 4.0000 1.8333 3.1959 2.1667 4.0000 4.0000 4.0000 1.0000 1.0000 1.0000 2 0 1 0
 2.1722 2.4595 2.1697 2.5000 3.0000 3.5061 2.5951 1.6667 2.0291 3.7767 3.4660 3.8036 3.6215 2.7899 2.8729 2 0 0 0
 2.0000 1.8333 2.1667 2.5000 3.5000 3.0000 2.1667 1.6667 1.6667 3.0055 3.0000 3.0000 1.9084 1.5000 1.0000 2 0 0 0
 1.6667 1.6667 1.5000 4.0000 4.0000 4.0000 1.0000 1.1667 1.1667 4.0000 3.5000 4.0000 1.0000 1.0000 1.0000 2 1 0 0
 3.1667 3.1667 3.1667 3.5000 3.5000 4.0000 1.3333 1.3333 1.1667 3.5000 2.5000 3.0000 1.0000 1.0000 1.0000 2 0 0 0
 3.0000 3.1667 2.8333 4.0000 4.0000 4.0000 1.0000 1.0000 1.0000 2.2015 2.5000 2.5000 1.0000 1.0000 1.0000 2 0 0 0
 3.5000 3.8333 3.5000 3.0000 4.0000 4.0000 1.3333 2.0000 1.3333 3.0000 3.0000 3.5000 1.5000 1.0000 2.0000 2 0 0 0
 2.8333 3.0000 2.6667 4.0000 4.0000 4.0000 1.1667 1.3333 1.1667 2.0000 3.0000 3.0000 1.5000 2.0000 2.0000 2 0 0 0
 2.8333 2.6667 2.1667 2.5000 4.0000 2.5000 2.0000 2.3333 1.4874 2.0000 2.0000 2.0000 2.0000 2.0000 2.0000 2 0 0 0
 2.5000 2.8333 2.5000 4.0000 4.0000 3.5000 1.8333 2.5884 1.8333 3.5000 3.0000 2.5000 2.0000 2.0000 1.5000 2 0 0 0
 1.8333 2.3333 2.3333 2.5000 1.0000 2.5000 1.3333 1.5000 1.0000 2.5000 3.2682 3.0000 1.0000 1.0000 1.0000 2 0 0 0
 2.8333 2.6667 2.5000 3.0000 2.5000 4.0000 1.3934 1.5000 2.0000 4.0000 4.0000 4.0000 1.0000 1.0000 1.0000 2 0 0 0
 2.0000 2.1667 2.5562 1.0000 2.5000 1.5000 1.5000 1.3333 1.1667 3.5000 3.5000 3.5000 1.5000 1.0000 1.0000 2 0 0 0
 2.5000 2.3333 2.5000 3.0000 4.0000 3.0000 1.5000 1.6667 1.3333 2.0000 2.0000 2.0000 1.5000 1.5000 1.5000 2 0 0 0
 2.8333 3.1667 2.6667 4.0000 2.0000 3.5000 1.5000 3.1522 1.6667 4.0000 4.0000 4.0000 1.0000 1.0000 1.0000 2 0 0 0
 2.4773 2.7026 2.6504 3.7545 2.6236 3.4229 1.4623 1.5852 1.6606 4.0000 3.5000 3.5000 4.0000 4.0000 3.5000 2 0 1 0
 2.7191 2.9390 2.8716 3.0368 3.5000 3.5000 1.3870 1.3333 1.1667 3.0000 3.5000 4.0000 1.0000 1.0000 1.0000 2 0 0 0
 2.3333 2.6667 2.5000 2.0000 2.5000 3.5000 2.0000 2.0846 1.3333 2.0000 2.1095 2.0000 1.0000 1.1300 1.5000 2 0 1 0
 1.3333 1.6945 2.1667 2.0000 1.0000 1.5000 1.5000 1.5000 1.0000 3.0000 3.5000 3.0000 3.5000 3.5000 3.0000 2 0 1 0
 2.0000 2.3333 2.1667 2.5000 3.0000 3.0000 1.3333 2.3836 1.1667 3.0317 3.0799 3.1143 1.9226 1.4275 1.6402 2 0 0 0
 2.0000 2.0000 2.3333 2.0000 2.5000 2.5000 2.5000 1.8333 1.8333 2.0000 2.5000 3.0000 1.5000 1.0000 1.0000 2 0 0 0
 3.1579 3.2957 3.4874 3.0000 4.0000 3.6295 2.4224 1.5000 1.7676 2.5000 1.5000 1.5000 3.0000 3.0000 3.0000 2 0 0 1
 3.0523 3.1667 3.0158 3.5000 4.0000 4.0000 1.3333 1.0000 1.3333 2.0000 2.5000 3.2992 1.0000 1.0000 1.0000 2 0 0 0
 2.0000 3.0000 2.6667 4.0000 4.0000 3.5000 1.1021 1.1667 1.1667 3.0000 3.0000 4.0000 1.5000 1.0000 1.5000 2 0 0 0
 2.3520 2.1013 2.1667 2.5000 2.5000 3.0000 1.5000 2.1667 1.8333 3.0363 3.1564 3.2463 1.9685 1.4773 1.4128 2 0 1 0
 2.6667 2.5000 2.5000 3.5000 3.5000 4.0000 1.3333 1.3333 1.1667 3.2465 3.0000 2.5000 1.5000 1.0000 1.5000 2 0 0 0
 3.3333 3.5000 3.6667 4.0000 4.0000 4.0000 2.1667 1.6667 2.8445 3.0000 3.5000 3.5000 1.5000 2.0000 2.0000 2 0 0 0
 2.1667 2.0000 2.0000 2.0000 4.0000 3.0000 1.8333 1.7429 1.5000 3.5000 2.5000 3.5000 1.0000 1.5000 1.0000 2 0 0 0
 2.3333 2.3333 2.3333 3.0000 3.0000 3.0000 1.1667 1.1667 1.0000 4.0000 4.0000 3.5000 3.0000 2.7325 3.0000 2 1 0 0
 2.5000 2.0000 2.4027 3.5000 3.0000 2.5000 2.8333 2.1667 3.1007 1.5000 2.5000 2.5000 2.0000 3.0000 2.5000 2 0 0 0
 2.1667 2.1667 2.1667 2.5000 2.0000 2.0000 1.5000 1.3333 1.3333 2.5000 2.0000 2.5000 1.5000 1.5000 1.0000 2 0 1 0
 3.0148 2.6623 3.0605 4.0000 3.0000 4.0000 1.1667 1.1667 1.1667 4.0000 4.0000 4.0000 1.5000 1.0000 1.0000 2 0 0 1
 1.8333 1.8333 2.0000 1.5000 2.5000 3.0000 1.3333 1.6667 1.5000 2.0000 2.0000 2.5000 2.5000 1.5000 2.0000 2 0 0 0
 1.8333 1.8333 2.0000 3.5000 4.0000 3.0000 1.0000 1.0000 1.0000 1.5000 1.5000 1.5000 2.0000 2.0000 1.5000 2 0 0 0
